# oST version 5.0 parameters


[image]

width
320

height
240

[narrow_stereo/right]

camera matrix
325.952903 0.000000 164.483589
0.000000 326.441134 106.983161
0.000000 0.000000 1.000000

distortion
-0.444052 0.214693 0.001553 0.002967 0.000000

rectification
0.999685 0.023849 0.007774
-0.023781 0.999679 -0.008705
-0.007979 0.008517 0.999932

projection
309.027735 0.000000 154.150013 20.563813
0.000000 309.027735 108.076682 0.000000
0.000000 0.000000 1.000000 0.000000
