# oST version 5.0 parameters


[image]

width
320

height
240

[narrow_stereo/left]

camera matrix
325.914789 0.000000 152.789220
0.000000 326.107351 111.955147
0.000000 0.000000 1.000000

distortion
-0.433792 0.209880 -0.001395 -0.000180 0.000000

rectification
0.999499 0.025871 0.018246
-0.026027 0.999626 0.008375
-0.018022 -0.008846 0.999798

projection
309.027735 0.000000 154.150013 0.000000
0.000000 309.027735 108.076682 0.000000
0.000000 0.000000 1.000000 0.000000
